50 280.0
51 282.8
52 285.628
53 288.48428
54 291.3691228
55 294.282814028
56 297.225642168
57 300.19789859
58 303.199877576
59 306.231876352
60 309.294195115
61 312.387137066
62 315.511008437
63 318.666118521
64 321.852779707
65 325.071307504
66 328.322020579
67 331.605240784
68 334.921293192
69 338.270506124
70 341.653211185
71 345.069743297
72 348.52044073
73 352.005645138
74 355.525701589
75 359.080958605
76 362.671768191
77 366.298485873
78 369.961470732
79 373.661085439
80 377.397696293
81 381.171673256
82 384.983389989
83 388.833223889
84 392.721556127
85 396.648771689
86 400.615259406
87 404.621412
88 408.66762612
89 412.754302381
90 416.881845405
91 421.050663859
92 425.261170497
93 429.513782202
94 433.808920024
95 438.147009225
96 442.528479317
97 446.95376411
98 451.423301751
99 455.937534769
100 460.496910116
101 465.101879217
102 469.75289801
103 474.45042699
104 479.19493126
105 483.986880572
106 488.826749378
107 493.715016872
108 498.65216704
109 503.638688711
110 508.675075598
111 513.761826354
112 518.899444617
113 524.088439064
114 529.329323454
115 534.622616689
116 539.968842856
117 545.368531284
118 550.822216597
119 556.330438763
120 561.893743151
121 567.512680582
122 573.187807388
123 578.919685462
124 584.708882317
125 590.55597114
126 596.461530851
127 602.42614616
128 608.450407621
129 614.534911697
130 620.680260814
131 626.887063423
132 633.155934057
133 639.487493397
134 645.882368331
135 652.341192015
136 658.864603935
137 665.453249974
138 672.107782474
139 678.828860299
140 685.617148902
141 692.473320391
142 699.398053594
143 706.39203413
144 713.455954472
145 720.590514016
146 727.796419157
147 735.074383348
148 742.425127182
149 749.849378453
150 757.347872238
151 764.92135096
152 772.57056447
153 780.296270115
154 788.099232816
155 795.980225144
156 803.940027395
157 811.979427669
158 820.099221946
159 828.300214166
160 836.583216307
161 844.94904847
162 853.398538955
163 861.932524345
164 870.551849588
165 879.257368084
166 888.049941765
167 896.930441182
168 905.899745594
169 914.95874305
170 924.108330481
171 933.349413785
172 942.682907923
173 952.109737003
174 961.630834373
175 971.247142716
176 980.959614143
177 990.769210285
178 1000.67690239
179 1010.68367141
180 1020.79050813
181 1030.99841321
182 1041.30839734
183 1051.72148131
184 1062.23869613
185 1072.86108309
186 1083.58969392
187 1094.42559086
188 1105.36984677
189 1116.42354523
190 1127.58778069
191 1138.86365849
192 1150.25229508
193 1161.75481803
194 1173.37236621
195 1185.10608987
196 1196.95715077
197 1208.92672228
198 1221.0159895
199 1233.22614939
200 1245.55841089
201 1258.013995
202 1270.59413495
203 1283.3000763
204 1296.13307706
205 1309.09440783
206 1322.18535191
207 1335.40720543
208 1348.76127748
209 1362.24889026
210 1375.87137916
211 1389.63009295
212 1403.52639388
213 1417.56165782
214 1431.7372744
215 1446.05464714
216 1460.51519361
217 1475.12034555
218 1489.871549
219 1504.77026449
220 1519.81796714
221 1535.01614681
222 1550.36630828
223 1565.86997136
224 1581.52867108
225 1597.34395779
226 1613.31739736
227 1629.45057134
228 1645.74507705
229 1662.20252782
230 1678.8245531
231 1695.61279863
232 1712.56892662
233 1729.69461588
234 1746.99156204
235 1764.46147766
236 1782.10609244
237 1799.92715336
238 1817.9264249
239 1836.10568915
240 1854.46674604
241 1873.0114135
242 1891.74152763
243 1910.65894291
244 1929.76553234
245 1949.06318766
246 1968.55381954
247 1988.23935773
248 2008.12175131
249 2028.20296882
